DateTime,Entries,UniqueIPs
1460163364,299,299
1460166963,298,298
1460174164,298,298
1460177764,298,298
1460184964,297,297
1460188563,298,298
1460195765,300,300
1460199364,299,299
1460206564,300,300
1460210165,300,300
1460217382,300,300
1460220973,300,300
1460228164,300,300
1460231764,300,300
1460238964,299,299
1460242564,299,299
1460246164,299,299
1460249764,298,298
1460256963,298,298
1460260564,299,299
1460267764,298,298
1460271363,296,296
1460278564,296,296
1460285764,296,296
1460289364,298,298
1460296564,299,299
1460300164,297,297
1460303763,299,299
1460307364,297,297
1460314564,295,295
1460318164,295,295
1460321763,296,296
1460325363,297,297
1460328963,299,299
1460332563,298,298
1460339764,300,300
1460346963,299,299
1460350564,299,299
1460357763,300,300
1460361363,300,300
1460364964,300,300
1460368564,299,299
1460375764,300,300
1460379364,300,300
1460386570,298,298
1460390164,299,299
1460397363,299,299
1460404564,297,297
1460408163,297,297
1460415364,297,297
1460418964,299,299
1460426164,300,300
1460429764,298,298
1460436964,298,298
1460440564,297,297
1460447764,298,298
1460451365,297,297
1460458564,296,296
1460462164,295,295
1460465764,297,297
1460469364,298,298
1460476563,299,299
1460480163,298,298
1460483764,299,299
1460487364,300,300
1460494564,299,299
1460498164,299,299
1460505363,300,300
1460508964,299,299
1460516164,298,298
1460519764,299,299
1460526964,300,300
1460530563,300,300
1460534164,299,299
1460537763,297,297
1460541364,297,297
1460544964,299,299
1460552164,299,299
1460555763,298,298
1460562965,299,299
1460566564,300,300
1460573763,299,299
1460577364,300,300
1460584564,300,300
1460588163,299,299
1460595363,298,298
1460598964,298,298
1460606164,298,298
1460609764,299,299
1460616964,299,299
1460620564,299,299
1460624165,300,300
1460627764,300,300
1460634963,300,300
1460638564,300,300
1460642165,299,299
1460645764,300,300
1460652963,298,298
1460656564,298,298
1460663763,300,300
1460667363,299,299
1460670963,299,299
1460674564,300,300
1460681764,300,300
1460685364,300,300
1460692564,300,300
1460696163,299,299
1460703364,300,300
1460706963,299,299
1460714163,299,299
1460717764,299,299
1460721364,298,298
1460724964,298,298
1460732163,300,300
1460735766,300,300
1460739364,300,300
1460742964,298,298
1460746564,299,299
1460750165,297,297
1460757364,298,298
1460760965,299,299
1460768163,298,298
1460771764,298,298
1460778963,298,298
1460782563,298,298
1460786163,297,297
1460789763,296,296
1460796964,299,299
1460800564,297,297
1460804164,300,300
1460811365,300,300
1460814964,299,299
1460822163,298,298
1460825764,298,298
1460832963,300,300
1460836566,300,300
1460843763,300,300
1460847364,300,300
1460854564,300,300
1460858164,300,300
1460865363,300,300
1460868964,300,300
1460872563,300,300
1460876164,300,300
1460883363,300,300
1460886963,299,299
1460894164,296,296
1460897763,297,297
1460904964,295,295
1460908564,298,298
1460912164,296,296
1460915763,300,300
1460922964,300,300
1460926563,300,300
1460930163,300,300
1460933763,300,300
1460940964,300,300
1460944564,300,300
1460951764,298,298
1460955364,300,300
1460962563,300,300
1460966164,299,299
1460973364,300,300
1460976964,299,299
1460980563,300,300
1460984165,300,300
1460987767,300,300
1460991364,300,300
1460998564,300,300
1461002164,300,300
1461009364,300,300
1461012963,300,300
1461020163,300,300
1461023763,300,300
1461027366,300,300
1461030964,299,299
1461034565,298,298
1461038163,298,298
1461041763,299,299
1461048964,298,298
1461052563,298,298
1461056163,300,300
1461059763,297,297
1461066965,298,298
1461070564,300,300
1461077764,300,300
1461081364,298,298
1461084963,299,299
1461088564,299,299
1461095764,300,300
1461102963,300,300
1461106564,299,299
1461113763,298,298
1461117364,299,299
1461124564,298,298
1461128164,298,298
1461135366,300,300
1461138963,299,299
1461160563,300,300
1461167763,299,299
1461171364,299,299
1461174963,300,300
1461182163,300,300
1461185764,300,300
1461192964,300,300
1461196563,300,300
1461203764,299,299
1461207363,297,297
1461210964,297,297
1461214564,298,298
1461221780,297,297
1461225364,296,296
1461232564,300,300
1461236164,300,300
1461243364,299,299
1461246963,300,300
1461254164,300,300
1461257763,300,300
1461261364,299,299
1461264964,300,300
1461268563,300,300
1461275764,300,300
1461279364,299,299
1461286564,299,299
1461290164,299,299
1461297364,299,299
1461300964,299,299
1461304563,299,299
1461308164,299,299
1461315364,300,300
1461318963,300,300
1461326164,300,300
1461333364,300,300
1461340564,299,299
1461344169,298,298
1461351363,299,299
1461354963,299,299
1461362164,298,298
1461365763,298,298
1461372963,300,300
1461376564,300,300
1461383763,300,300
1461387363,300,300
1461394564,299,299
1461398163,299,299
1461405364,299,299
1461408963,300,300
1461416163,300,300
1461419763,298,298
1461426964,298,298
1461430564,299,299
1461437764,299,299
1461441364,298,298
1461448563,299,299
1461452164,300,300
1461459363,300,300
1461462964,299,299
1461470164,299,299
1461473764,299,299
1461480964,300,300
1461484564,298,298
1461491764,298,298
1461495364,298,298
1461502564,299,299
1461506163,299,299
1461513364,300,300
1461516964,300,300
1461520564,300,300
1461524164,300,300
1461531364,299,299
1461534964,299,299
1461542164,300,300
1461545764,300,300
1461552963,299,299
1461556565,299,299
1461563764,299,299
1461567365,300,300
1461574564,300,300
1461578163,300,300
1461585365,300,300
1461588964,300,300
1461596163,298,298
1461599764,300,300
1461606963,299,299
1461610563,299,299
1461617764,300,300
1461621364,300,300
1461628563,300,300
1461632164,300,300
1461639363,300,300
1461642965,300,300
1461650163,300,300
1461653763,299,299
1461660963,298,298
1461664563,299,299
1461671764,299,299
1461675363,300,300
1461682565,300,300
1461686163,300,300
1461693363,300,300
1461700564,300,300
1461704163,300,300
1461711363,300,300
1461714964,300,300
1461722164,298,298
1461725763,299,299
1461732964,300,300
1461736564,299,299
1461743766,300,300
1461747363,298,298
1461754564,298,298
1461758163,297,297
1461765364,298,298
1461768965,298,298
1461772564,299,299
1461776164,300,300
1461783363,300,300
1461786963,299,299
1461794164,300,300
1461797763,300,300
1461804964,300,300
1461808564,299,299
1461815763,298,298
1461819364,298,298
1461826564,299,299
1461830165,299,299
1461837364,300,300
1461840963,300,300
1461848163,299,299
1461851765,298,298
1461858964,298,298
1461862564,299,299
1461869763,299,299
1461873364,300,300
1461876964,300,300
1461880565,299,299
1461887764,300,300
1461891364,300,300
1461898564,297,297
1461902164,297,297
1461905764,297,297
1461909364,297,297
1461916564,299,299
1461920164,299,299
1461927364,300,300
1461930964,300,300
1461938164,299,299
1461945363,300,300
1461948963,300,300
1461956164,300,300
1461959764,300,300
1461966964,300,300
1461970564,299,299
1461977764,300,300
1461981364,300,300
1461988564,300,300
1461992164,300,300
1461999363,300,300
1462002964,300,300
1462010164,300,300
1462013764,300,300
1462020964,299,299
1462024564,299,299
1462031765,299,299
1462035363,300,300
1462042563,299,299
1462046164,300,300
1462053364,300,300
1462056964,300,300
1462064164,299,299
1462067764,299,299
1462074964,300,300
1462078564,299,299
1462085763,300,300
1462089364,300,300
1462092964,299,299
1462096564,299,299
1462103764,300,300
1462107364,299,299
1462114564,300,300
1462118164,299,299
1462125364,299,299
1462128963,299,299
1462136163,298,298
1462139764,300,300
1462146964,300,300
1462150563,300,300
1462157763,300,300
1462161364,299,299
1462168563,299,299
1462172164,297,297
1462179364,299,299
1462182964,298,298
1462190163,299,299
1462193764,300,300
1462200964,300,300
1462204564,300,300
1462211763,300,300
1462218964,300,300
1462222564,300,300
1462229763,300,300
1462233364,299,299
1462240564,299,299
1462244164,299,299
1462247764,298,298
1462251364,298,298
1462258564,299,299
1462262165,298,298
1462269364,300,300
1462272966,300,300
1462280164,300,300
1462283764,300,300
1462290963,298,298
1462294565,295,295
1462301764,297,297
1462305363,300,300
1462312563,300,300
1462316163,300,300
1462323364,299,299
1462326964,299,299
1462334164,299,299
1462337764,298,298
1462344964,297,297
1462348563,297,297
1462355764,298,298
1462359364,298,298
1462366564,297,297
1462370164,299,299
1462377365,296,296
1462380964,297,297
1462388164,300,300
1462391763,298,298
1462398963,299,299
1462402563,299,299
1462409763,300,300
1462413364,300,300
1462420563,299,299
1462424164,300,300
1462431364,300,300
1462434963,300,300
1462442163,300,300
1462445764,299,299
1462452963,300,300
1462456563,299,299
1462463764,299,299
1462467363,299,299
1462470963,300,300
1462474563,299,299
1462478164,299,299
1462485364,299,299
1462488964,300,300
1462496164,300,300
1462499763,300,300
1462503367,299,299
1462506964,299,299
1462514164,298,298
1462517764,298,298
1462524964,299,299
1462528564,300,300
1462535763,300,300
1462539364,300,300
1462546564,300,300
1462550165,299,299
1462557364,300,300
1462560963,300,300
1462568164,300,300
1462571763,300,300
1462575363,299,299
1462578963,299,299
1462586164,297,297
1462589763,297,297
1462596963,298,298
1462600564,298,298
1462607763,298,298
1462611363,300,300
1462618564,300,300
1462622164,300,300
1462629364,299,299
1462632965,299,299
1462640164,299,299
1462643765,300,300
1462650964,300,300
1462654563,298,298
1462658164,299,299
1462661764,299,299
1462668963,299,299
1462672563,299,299
1462679764,299,299
1462683363,299,299
1462690564,298,298
1462694164,299,299
1462701364,300,300
1462704963,300,300
1462712163,300,300
1462715764,300,300
1462722963,300,300
1462726564,300,300
1462733763,300,300
1462737364,300,300
1462744564,300,300
